667	276	0.6929		2	800	11.25	189.2	0	946	136.5	148.26	130843	126370	4473	3.4	338.7430463	71.92263375	1199.974932	284330.844	19.41565959
667	276	0.6929		2	800	11.25	249	66	1439	152	153	296154	234722	61432	20.7	338.7430463	71.92263375	1199.974932	284330.844	19.41565959
667	276	0.6929		2	800	11.25	256	138	1680	157	156.2	433893	287436	146457	33.8	332.1957605	169.854902	1477.126575	451771.9907	30.30376518
667	276	0.6929		2	800	11.25	311.6	254	1821.87	155	154	596299	363587	232712	39	340.7635582	266.5378395	1730.085621	633362.3199	40.16577954
667	276	0.6929		2	800	11.25	380.5	329	1953.7	158.8	161	803936	417027	386909	48.1	357.6109771	364.2234723	1926.066515	821275.9988	48.77145635
667	276	0.6929		2	800	11.25	419.3	416	2009	156	159	952882	467105	485777	51	377.1418461	459.8226756	2053.638821	1007068.714	55.63305479
667	276	0.6929		2	800	11.25	455.7	530	2055	150	143	1174417	527812	646605	55.1	396.036527	547.255573	2127.931664	1184178.549	60.2965373
667	276	0.6929		2	800	11.25	438	609	2151	138	149	1375332	578833	796499	57.9	411.873481	623.8426932	2179.644994	1349699.784	62.86638191
667	276	0.6929		2	800	11.25	423	711	2184	143	147	1478152	515997	962155	65.1	422.6141651	692.3333932	2239.906663	1504406.413	64.0510875
667	276	0.6929		2	800	11.25	437	766	2107	155	148	1514839	522176	992663	65.5	427.3797192	757.7192548	2329.258996	1651350.052	64.72598394
667	276	0.6929		2	800	11.25	496	780	2277	134	141	1943715	666078	1277637	65.7	427.0847958	823.4383603	2454.160709	1794403.959	65.50384757
667	276	0.6929		2	800	11.25	455	538	2029	139	148	1169418	536514	632904	54.1	396.036527	547.255573	2127.931664	1184178.549	60.2965373
667	276	0.6929		2	800	11.25	417	508	2092	142	144	1136476	528777	607699	53.5	396.036527	547.255573	2127.931664	1184178.549	60.2965373
667	276	0.6929		3	800	11.25	466	242	2581	161	149	1013762	642772	370990	36.6	471.4564963	242.1607549	2652.148236	1163140.019	35.16741128
667	276	0.6929		4	800	11.25	379	115	2322	152	155	781631	583168	198463	25.4	472.7816469	90.9309408	2375.476037	863072.6579	17.55685717
667	276	0.6929		4	800	14.5	604	35	2075	120	131	931905	870648	61257	6.6	599.7614109	61.75413504	2197.381676	976350.3666	8.107261607
667	276	0.6929		4	800	18.25	733	10	1769	107.4	120	949225	920811	28414	3	763.0735034	18.9575578	2021.160834	1137992.971	-1.196157743
667	276	0.6929		4	600	18.25	949	27	2019	96.6	107	1431406	1397123	34283	2.4	846.6894043	69.40169224	2255.602406	1547919.466	4.183277674
667	276	0.6929		4	800	18.25	747	18	2261.7	109.5	121	1222408	1166657	55751	4.6	792.1316783	37.25549226	2322.669542	1303101.509	1.357470948
667	276	0.6929		3	1200	18.25	498	188	2281	149	146	902150	695714	206436	22.9	617.5024075	162.600607	2279.451928	1161392.665	19.47401244
667	276	0.6929		3	1000	18.25	594.03	125	2376	145	140	1073582	885701	187881	17.5	752.3726293	122.3883	2428.168543	1373204.659	12.98919633
667	276	0.6929		3	800	18.25	708	120	2467	131	134	1346851	1177275	169576	12.6	844.1093497	123.3582213	2545.55495	1589508.341	10.02846404
667	276	0.6929		3	600	18.25	895.6	73	2381	117	124	1731142	1641475	89667	5.2	965.0543523	152.4671237	2671.060347	2023448.71	9.197075165
667	276	0.6929		3	400	18.25	1208	85	2610	102	111	2548948	2428791	120157	4.7	1398.830215	140.1955283	2961.846678	3584764.263	5.864237966
667	276	0.6929		3	200	18.25	2009.4	83	2599	121	103	5842744	5731828	110916	1.9	2379.543006	40.16154079	3526.960055	7095759.298	-1.965911146
667	276	0.6929		2	1200	7.25	225	468	1929	159	157	709223	173412	535811	75.5	129.4181201	504.2031541	1935.372313	557439.9554	75.53342961
667	276	0.6929		2	1200	11.25	336	369	1862	160	162	717900	302390	415510	57.9	315.4560044	379.5712741	1873.35455	703469.6551	56.70614388
667	276	0.6929		2	1200	14.5	414	333	1874	143	147	763716	429429	334287	43.8	400.4469572	347.9739401	1736.967365	788995.9209	45.59730847
667	276	0.6929		2	1200	18.25	450	327	1832	145.5	145	817634	492211	325423	39.8	461.102579	303.0596142	1616.672965	845322.5022	33.72555198
667	276	0.6929		2	1200	22	521	233	1723	139	131	814272	615524	198748	24.4	506.8132353	211.8537127	1576.482247	863224.0767	21.60280156
667	276	0.6929		3	1200	22	586	14	1661	127	127.5	681052	653496	27556	4	664.1381843	60.35995219	1696.371053	911622.8145	5.276804957
667	276	0.6929		3	1200	25.7	642	14	1496	117	118.5	642245	627468	14777	2.3	705.8249134	28.08580403	1610.023416	938165.1971	2.38695504
667	276	0.6929		3	1200	29.4	662	6	1366	121	87	618029	600580	17449	2.8	739.0170081	-0.71807022	1552.939057	967262.7544	1.002272069
667	276	0.6929		3	1200	29.4	790	25	1741	119	126	1018691	990545	28146	2.8	759.1736272	16.18110373	1632.695113	1074622.264	2.527252467
667	276	0.6929		3	1200	29.4	843	20	1914	121	102	1186065	1145912	40153	3.4	788.8108662	19.73012676	1702.941519	1186549.723	2.239055727
667	276	0.6929		3	1000	29.4	893	27	1238	80	93	1001338	986171	15167	1.5	916.27523	-5.87104506	1663.616281	1281374.796	-0.079568661
667	276	0.6929		3	800	29.4	1457	27	1700	98	118	2671788	2637901	33887	1.3	1095.146371	2.920997075	1816.280464	1645801.504	0.052724079
667	276	0.6929		3	600	29.4	1097	19	1401	99	136	1788108	1736246	51862	2.9	1304.193089	21.01961041	2003.007678	2201109.27	1.077964338
667	276	0.6929		3	400	29.4	1691	8	1189	44	13	3494618	3470472	24146	0.7	1743.783514	26.1364509	2292.774656	3736799.596	2.993112521
667	276	0.6929		3	1000	14.5	509	60	1182	133	123	426261	385396	40865	9.6	641.7654399	-52.69768624	1412.383823	624035.7303	-3.000970563
667	276	0.6929		3	1000	14.5	612	54	1740	126	121	621628	587821	33807	5.4	617.0541524	19.3573359	1733.081649	779544.3599	5.948274229
667	276	0.6929		3	1000	14.5	612	70	2023	134	146	819124	758171	60953	7.4	598.8329681	82.83212917	2080.216232	943107.7525	14.21936438
667	276	0.6929		3	1000	14.5	406	180	2238	151	152	738567	529329	209238	28.3	586.378651	137.1445956	2424.13137	1108745.295	21.34552692
667	276	0.6929		3	1000	14.5	485	280	2674	150	156	1147977	770559	377418	32.9	576.2475393	187.7508026	2720.37311	1269702.332	27.28567794
667	276	0.6929		3	1000	14.5	489	305	2929	153	157	1342253	856365	485888	36.2	566.1432559	241.0541208	2931.36978	1420743.196	32.16171757
667	276	0.6929		3	1000	14.5	522	352	2935	155	151	1645754	1004434	641320	39	556.8566826	300.7753444	3045.749031	1559858.943	36.11497611
667	276	0.6929		3	1000	14.5	561	422	3051	157	149	1711614	973409	738205	43.1	549.9581592	369.2864351	3080.709374	1688256.506	39.48074305
667	276	0.6929		3	200	11.25	1468	49	2594	93	108	3203732	3133805	69927	2.2	1466.110811	82.15532792	2966.233326	3934398.935	11.3735223
667	276	0.6929		3	400	11.25	840	222	2400	128	118	1647931	1374608	273323	16.6	824.1163719	118.9294297	2459.884232	1727017.362	15.4029986
667	276	0.6929		3	600	11.25	560	120	2480	143	154	1040360	847242	193118	18.6	600.149054	107.8476776	2154.517117	1043429.355	17.69952597
667	276	0.6929		3	800	11.25	438	130	2220	150	152	740878	573806	167072	22.6	509.3574185	83.55544864	1951.295734	780074.5203	18.28862339
667	276	0.6929		3	1000	11.25	360	65	2158	154	161	581141	474074	107067	18.4	472.2490751	56.45211686	1831.751897	642459.3301	17.6986003
667	276	0.6929		3	1200	11.25	402	65	1618	138	147	415343	338162	77181	18.6	437.2891043	48.43019173	1752.652108	547585.853	18.63522077
667	276	0.6929		3	1400	11.25	398	68	1580	134	146	493342	431346	61996	12.6	372.1132549	67.63376	1676.110577	451488.9786	22.4074281
667	276	0.6929		3	600	3.5	205	193	2279	158	174	556762	280908	275854	49.5	267.6417213	203.5818074	2358.118791	687914.1675	40.04958317
667	276	0.6929		3	600	7.25	427	78	2170	151	157	714683	595544	119139	16.7	430.0682784	109.6914354	2000.858042	713853.5797	25.29047536
667	276	0.6929		3	600	11.25	615	42	1632	142	104	761753	695735	66018	8.7	593.5354573	73.57115901	1732.312319	840435.231	13.46473199
667	276	0.6929		3	600	14.5	913	39	1949	77	88	1292366	1267841	24525	1.9	720.7580855	69.57729079	1665.028938	1029980.368	7.188480076
667	276	0.6929		3	600	18.25	1021	0	1798	84	102	1535876	1528160	7716	0.5	885.0721526	33.76599661	1748.016991	1293442.759	0.061043537
667	276	0.6929		3	600	22	1552	0	2892	135	103	3147947	3147947	0	0	1041.909757	-25.55025882	1880.844319	1530854.503	-5.779499237
667	276	0.6929		3	600	22	1026	78	3070	138	138	2069830	2045116	24714	1.2	1052.678824	39.19436243	1986.155423	1685671.853	-0.412973162
667	276	0.6929		3	600	22	1346	65	2144	100	101	2220437	2180950	39487	1.8	1072.540052	84.35466481	2107.521913	1847823.263	2.84879952
667	276	0.6929		3	600	22	1112	91	2457	118	118	2118160	1969330	148830	7	1107.141659	99.26963291	2250.727893	2021530.066	2.927309073
667	276	0.6929		3	600	22	1185	76	2620	100	117	2417901	2289470	128431	5.3	1157.772305	84.62578178	2405.202026	2214108.389	-0.256164736
667	276	0.6929		1	600	11.25	472	647	1492	137	124	1094081	426749	667332	61	619.9481099	560.9528344	1441.871658	1292919.847	50.94823537
667	276	0.6929		1.5	600	11.25	443	593	1856	148	124	1143652	435831	707821	61.9	489.2743464	561.6335383	1624.496784	1138336.522	57.00980415
667	276	0.6929		2	600	11.25	443	457	2100	140	140	1103882	575910	527972	47.8	413.248422	411.957962	1995.136127	1038923.166	47.78777274
667	276	0.6929		2.5	600	11.25	462	352	2485	148	151	1277882	749261	528621	41.4	503.1312863	220.8415791	2212.996723	1063987.287	30.288496
667	276	0.6929		3	600	11.25	385	316	2481	140	161	1071382	662349	409033	38.2	600.149054	107.8476776	2154.517117	1043429.355	17.69952597
667	276	0.6929		3.5	600	11.25	432	158	2623	150	160	799413	621067	178346	22.3	593.1710302	68.71160176	1950.617237	910063.0035	12.29976906
667	276	0.6929		4	600	11.25	508	27	1254	114	134	547326	516627	30699	5.6	536.1427728	62.72634455	1696.708843	738764.8793	10.2019978
667	276	0.6929		4.5	600	11.25	437	32	1212	142	115	413619	372359	41260	10	465.5358331	68.44180173	1443.452299	571888.1693	9.269642406
667	276	0.6929		4.9	600	11.25	402	0	535	102	93	189623	182064	7559	4	407.3518328	77.78798448	1255.297932	451247.4592	9.06212538
667	276	0.6929		4.9	600	11.25	376	54	2910	152	121	913615	848959	64656	7.1	520.6427576	36.25855406	2186.276341	896148.8384	7.689047306
667	276	0.6929		4	200	14.5	2090	33	3780	108	108	5994191	5920753	73438	1.2	2051.508826	-41.46174481	3616.786347	5979960.14	1.217937706
667	276	0.6929		4	400	14.5	1187	0	3000	120	120	2500398	2447669	52729	2.1	1105.204804	43.27807778	2921.542821	2643075.249	5.265019909
667	276	0.6929		4	600	14.5	1067	11	2637	108	136	1848928	1775947	72981	3.9	718.9523903	67.43836242	2479.430501	1358604.731	7.671076719
667	276	0.6929		4	800	14.5	404	21	1266	120	125	376476	351161	25315	6.7	599.7614109	61.75413504	2197.381676	976350.3666	8.107261607
667	276	0.6929		4	800	14.5	1102	22.9	2488	125	102	1954766	1918563	36203	1.9	624.2678068	79.60550341	2608.034743	1171382.355	11.12352332
667	276	0.6929		4	800	14.5	725	151	2518	130	122	1446382	1288902	157480	10.9	643.3813708	118.0533223	2974.433958	1382858.8	15.41122088
667	276	0.6929		4	800	14.5	739	82	3285	142	149	1744575	1533758	210817	12.1	657.4915913	175.5045677	3273.483961	1606829.015	20.59461093
667	276	0.6929		4	800	14.5	713	210	3421	144	146	1930316	1569832	360484	18.7	671.0557672	243.3005994	3494.875908	1839110.923	25.72455129
667	276	0.6929		4	800	14.5	675	314	3720	151	158	2268437	1558608	709829	31.3	689.4115912	312.2085482	3638.610547	2077042.391	29.88807228
667	276	0.6929		4	800	14.5	820	362	3774	146	152	2178117	1492381	685736	31.5	716.7043565	377.1239211	3716.269903	2321530.565	32.68597907
667	276	0.6929		3	200	18.25	2685	0	4971	126	99	9841386	9787531	53855	0.5	2379.543006	40.16154079	3526.960055	7095759.298	-1.965911146
667	276	0.6929		3	400	18.25	1662	42	2927	95	121	4030403	3980428	49975	1.2	1398.830215	140.1955283	2961.846678	3584764.263	5.864237966
667	276	0.6929		3	600	18.25	1294	45	2739	108	124	2723308	2527088	196220	7.2	965.0543523	152.4671237	2671.060347	2023448.71	9.197075165
667	276	0.6929		3	800	18.25	967	119	2287	114	105	1831588	1671126	160462	8.8	844.1093497	123.3582213	2545.55495	1589508.341	10.02846404
667	276	0.6929		3	1000	18.25	810	76	1970	125	104	1354456	1267288	87168	6.4	752.3726293	122.3883	2428.168543	1373204.659	12.98919633
667	276	0.6929		3	1000	18.25	766	113	2633.6	132	138	1581654	1427243	154411	9.8	778.4967274	119.4128319	2675.35365	1517508.422	12.78453258
667	276	0.6929		3	1000	18.25	816	177	2540	126	125	1675911	1402454	273457	16.3	803.9402145	115.4022634	2863.918219	1651947.822	11.55261868
667	276	0.6929		3	1200	18.25	713	159	2701	146	139	1498511	1271222	227289	15.2	700.2767651	103.627969	2744.482415	1429107.399	14.4003877
667	276	0.6929		3	1400	18.25	537	142	2569	150	151	1064399	888291	176108	16.5	538.0296117	145.561657	2519.720967	1170316.634	21.3735267
667	276	0.6929		3	1600	18.25	440	193	2241	128	153	848098	614548	233550	27.5	357.6662146	205.1202864	2276.882486	905187.9832	29.58322887
826	260	0.68		2	800	3.5	167	140	1457	166	157	277238	162618	114620	41.3	42.17305788	159.644515	1481.795957	-32394.04271	39.52519012
826	260	0.68		2	800	7.25	366	16	1208	140	127	313229	287775	25454	8.1	188.7728989	82.65648614	1232.510571	36723.54992	23.99679541
826	260	0.68		2	800	11.25	363	39	1301	138	142	331711	293237	38474	11.6	316.9378113	20.57615977	1268.354093	221383.4041	11.84850394
826	260	0.68		2	800	11.25	308	96	1629	153	145	429501	320444	109057	25.4	330.0543495	125.4895776	1501.602564	394815.3861	22.92819211
826	260	0.68		2	800	11.25	506	183	1786	143	139	676467	457343	219124	32.4	360.8444637	224.6151814	1719.256841	580414.6615	32.86737924
826	260	0.68		2	800	11.25	402	300	1847	146	158	795808	431932	363876	45.7	401.1488704	320.255127	1887.96896	770027.0732	41.50623121
826	260	0.68		2	800	11.25	430	453	1908	149	154	1032325	515510	516815	50.1	443.1317537	410.9314651	1990.035391	955752.515	48.49514031
826	260	0.68		2	800	11.25	466	492	1939	144	154	1089295	516081	573214	52.6	481.8464133	490.3254282	2034.4464	1131807.907	53.28818452
826	260	0.68		2	800	11.25	464	629	1942	146	136	1330762	573750	757012	56.9	514.1109398	553.6871755	2050.054308	1295755.747	55.70165157
826	260	0.68		2	800	11.25	471	637	2043	144	150	1483180	623404	859776	58	537.0888725	603.0829168	2071.870071	1448550.71	56.29665251
826	260	0.68		2	800	11.25	434	844	2049	145	144	1714973	570982	1143991	66.7	548.1637585	691.4759384	2235.298413	1733248.989	56.2701128
826	260	0.68		2	800	11.25	378	435	1901	150	145	942696	443795	498901	52.9	443.1317537	410.9314651	1990.035391	955752.515	48.49514031
826	260	0.68		3	800	11.25	284	196	2358	161	155	813939	486851	327088	40.2	539.8039925	121.3450699	2270.062727	936113.3498	19.83955899
826	260	0.68		4	800	11.25	329	62	2055	140	156	562317	462579	99738	17.7	523.5422813	92.15864766	1795.448201	715279.9519	12.65034463
826	260	0.68		4	800	14.5	436	27	1684	135	139	507413	479525	27888	5.5	591.1523181	84.34594655	1696.58479	828056.3473	8.965015693
826	260	0.68		4	800	18.25	566	4	1501	126	114	698478	681510	16968	2.4	731.5617955	4.796991449	1677.047529	974949.9779	-0.453066043
826	260	0.68		4	600	18.25	662	21	1941	131	129	913228	902731	10497	1.1	755.5678384	69.77640764	1769.974744	1218859.343	7.710771487
826	260	0.68		4	600	18.25	426	28	1711	132	133	664238	616625	47613	7.2	818.6017663	65.43748212	2044.44415	1403268.437	8.158859135
826	260	0.68		3	800	18.25	716	137	2314	142	131	1280855	1018825	262030	20.5	776.8543635	106.9550064	2286.882863	1364480.109	13.41177329
826	260	0.68		3	600	18.25	869	116	2405	132	120	1631686	1452893	178793	11	878.3161118	110.6459976	2396.848999	1651281.335	12.98243501
826	260	0.68		3	400	18.25	1125	66	2412	107	106	2360181	2250620	109561	4.6	1142.674211	85.78803745	2626.981032	2502075.002	10.00631118
826	260	0.68		3	1000	18.25	636	144	2239	147	132	1050477	802778	247699	23.6	676.8889881	113.8161846	2200.270689	1157311.613	14.62564607
826	260	0.68		3	1200	18.25	503	179	2116	148	146	832289	574428	257861	31	544.1960547	137.7631681	2104.673049	937605.2321	17.60915749
826	260	0.68		2	1200	7.25	269	460	1673	158	152	733293	244088	489205	66.7	221.3934283	421.8434699	1665.06643	436283.6967	62.13126706
826	260	0.68		2	1200	11.25	372	426	1847	160	156	742087	320916	421171	56.8	386.5827879	339.7982955	1723.748215	622488.5032	44.87792231
826	260	0.68		2	1200	14.5	447	336	1847	144	143	790845	445926	344919	43.6	432.6980368	332.6724223	1722.624602	740681.4847	38.95104662
826	260	0.68		2	1200	18.25	483	285	1796	137	133	762975	472560	290415	38.1	445.2624448	307.7181762	1735.608055	822578.585	34.36891615
826	260	0.68		2	1200	22	592	196	1773	137	133	842525	639335	203190	24.1	451.8379223	237.4618702	1785.529964	857632.0186	28.45639273
826	260	0.68		3	1200	22	595	53	1874	136	128	761606	693856	67750	8.9	577.4034326	70.906387	1887.142215	868683.8447	10.60844081
826	260	0.68		3	1200	25.7	722	34	1766	129	126	889806	842469	47337	5.3	602.0735023	40.92748804	1804.912891	879130.0251	8.746237123
826	260	0.68		3	1200	29.4	219	27	1878	117	139	1046418	1025547	20871	2	624.1226017	7.294511255	1734.818559	884169.3237	6.779159492
826	260	0.68		3	1200	29.4	739	59	1870	121	115	1053161	1001278	51883	4.9	635.7350156	39.64221958	1841.70982	998694.8545	10.78157311
826	260	0.68		3	1200	29.4	706	63	2009	130	119	1218946	1126888	92058	7.6	658.1243212	57.60443565	1938.071617	1116681.323	12.95276926
826	260	0.68		3	1000	29.4	865	36	2099	129	130	1279583	1225225	54358	4.2	807.8011391	-21.72336262	1791.474646	1170797.615	3.966361779
826	260	0.68		3	800	29.4	1013	25	2125	104	126	1614564	1588688	25876	1.6	993.6238367	-32.39827528	1893.64579	1507035.387	3.086718856
826	260	0.68		3	600	29.4	1306	11	2284	107	99	2391677	2366629	25048	1	1188.441881	-24.00350207	2027.104645	1961414.591	4.185278936
826	260	0.68		3	400	29.4	1550	6	2135	55	59	3304827	3286807	18020	0.5	1514.548475	-8.371774375	2221.92272	3042516.291	7.433282186
826	260	0.68		3	700	9.25	772	13	1475	134	100	812202	803825	8377	1	510.9884946	31.3458211	1143.619187	434959.0915	8.391665836
826	260	0.68		3	700	9.25	310	76	828	125	127	213591	174875	38716	18.1	528.1513091	45.21493363	1582.949936	604291.3274	11.61211409
826	260	0.68		3	700	9.25	454	41	2239	152	147	760357	670081	90276	11.9	537.3096234	82.55935606	1993.272072	785851.3663	16.56635787
826	260	0.68		3	700	9.25	520	192	2434	148	147	1029413	781930	247483	24	535.718537	146.7349459	2345.846795	974081.5936	23.33926972
826	260	0.68		3	700	9.25	600	245	2448	143	146	1244862	911618	333244	26.8	526.3871939	231.5967144	2625.855746	1163531.718	31.19995112
826	260	0.68		3	700	9.25	488	330	2780	159	153	1344170	805282	538888	40.1	515.401879	326.5997305	2826.771584	1349826.845	39.03380403
826	260	0.68		3	700	9.25	499	458	2890	157	158	1510191	763521	746670	49.4	509.3273293	421.3199542	2948.734907	1530513.18	45.76855157
826	260	0.68		3	700	9.25	574	537	2931	153	149	1879816	953680	926136	49.3	512.994812	508.9252136	3001.043318	1705721.425	50.75972785
826	260	0.68		3	700	9.25	540	536	3078	158	145	1864102	913150	950952	51	527.7659162	588.2840014	3004.36782	1878401.409	54.05619102
826	260	0.68		3	700	9.25	577	627	3147	153	142	2153909	996424	1157485	53.7	551.2697297	662.9879706	2988.657365	2053805.883	56.31377552
826	260	0.68		3	700	9.25	519	733	3047	154	153	2215375	857359	1358016	61.3	579.2344942	737.3942042	2985.547138	2238493.951	58.33966204
826	260	0.68		3	700	9.25	580	828	3169	149	151	2635587	1023627	1611960	61.2	608.3849324	812.9740661	3018.856304	2439795.177	60.62932832
826	260	0.68		3	700	9.25	595	800	3270	154	148	2651921	1018088	1633833	61.6	638.5308518	887.735076	3099.036963	2666231.7	63.23734896
826	260	0.68		3	700	9.25	596	985	3409	155	156	3225969	1137056	2088913	64.8	672.8719394	958.0431151	3224.083391	2928266.029	65.94755182
826	260	0.68		3	700	9.25	632	1063	3311	152	154	3352588	1061239	2291349	68.3	716.9076842	1020.557747	3384.567236	3238349.249	68.49637522
826	260	0.68		3	700	9.25	632	1122	3426	156	147	3806545	1258490	2548055	66.9	776.8416117	1073.109254	3568.964743	3609704.633	70.69687658
826	260	0.68		3	300	11.25	1239	57	2564	108	111	2621790	2535778	86012	3.3	1203.929598	126.1046177	3024.990839	2957466.367	10.94796739
826	260	0.68		3	500	11.25	770	160	2690	151	135	1633630	1365338	268292	16.4	775.5428119	178.8946372	2754.307932	1652630.413	19.60459103
826	260	0.68		3	700	11.25	543	210	2576	154	146	1186074	905812	280262	23.6	592.5413183	193.2668115	2604.450941	1227506.096	25.48518019
826	260	0.68		3	900	11.25	497	165	2461	160	148	998058	750686	247372	24.8	486.5694249	174.2136357	2496.886334	985541.4471	26.81005708
826	260	0.68		3	1100	11.25	366	171	2421	165	163	896344	607595	288749	32.2	425.6677541	126.9739345	2409.444855	796563.0867	23.82378247
826	260	0.68		3	1300	11.25	323	131	2379	163	159	699966	532349	167617	23.9	367.9827646	90.46686723	2298.916246	628080.3465	20.86907511
826	260	0.68		3	1500	11.25	308	76	2273	164	158	643187	485809	157378	24.5	279.8317611	93.17323342	2147.327453	462255.5994	21.51820647
826	260	0.68		3	1700	11.25	268	83	2009	166	150	470584	333536	137048	29.1	171.931868	120.7906265	1993.430133	304207.6543	24.870829
826	260	0.68		3	1900	11.25	235	102	1838	156	161	420931	317631	103300	24.5	68.23555707	150.785942	1873.739434	166284.7852	28.78459168
826	260	0.68		1	1100	14.5	1261	67	1317	83	101	1473199	1425897	47302	3.2	1092.530722	93.21618171	1894.50048	1666959.83	2.716441407
826	260	0.68		1.5	1100	14.5	940	50	2295	132	122	1505500	1412433	93067	6.2	961.0483917	187.2971492	1873.114896	1494371.022	14.63416994
826	260	0.68		2	1100	14.5	877	125	2480	127	143	1643850	1387751	256099	15.6	771.7776356	243.0744238	2077.238714	1305580.181	24.58481683
